5.918561999999999657e+00 3.428995399999999749e-02 4.661836755000000387e+00
8.114838000000000662e+00 2.343016770000000137e-01 1.000522600000000040e+01
3.096123500000000028e+00 3.729681199999999863e-02 1.402018141999999967e+00
2.383014999999999972e+01 2.202479689999999879e-01 2.884352528999999876e+01
1.223969100000000054e+01 1.512707500000000024e-02 4.148983809999999828e+00
2.515387500000000109e+00 2.030291899999999913e-02 1.661742657000000012e+00
6.309332000000000384e+00 4.216447799999999829e-02 3.460944120999999818e+00
5.263798699999999720e+00 6.617082400000000308e-02 5.486497882000000104e+00
1.123523400000000017e+01 7.986124499999999737e-02 9.490632790999999457e+00
9.887966500000000547e-01 4.307075300000000329e-02 5.625425979999999493e-01
