1.058621399999999966e+02 5.888958130000000457e-01 2.643087708000000021e+03
6.295147000000000048e+01 7.382305150000000316e-01 2.197721735999999964e+03
5.981944000000000017e+01 2.015405560000000096e-01 2.241026976999999988e+03
5.446891800000000217e+01 1.156584206000000004e+00 2.237518975999999839e+03
1.234822000000000060e+02 2.539364780000000210e-01 2.604113252999999986e+03
2.407249499999999998e+01 6.459087930000000366e-01 2.121500288000000182e+03
8.363437999999999306e+01 3.302212270000000061e-01 2.079209021000000121e+03
5.528338200000000313e+01 9.767052090000000186e-01 2.355274856000000000e+03
4.763925600000000316e+01 1.060329528000000021e+00 1.896684813000000076e+03
3.079932399999999859e+01 2.244501349999999951e-01 2.141563885000000028e+03
